
INSERT INTO hourly__summary VALUES (2,'2021-07-01 01:00:00',0,45170,0,0),
	(2,'2021-01-01 03:00:00',0,46450,0,0),
	(2,'2021-01-01 02:00:00',0,46360,0,0),
	(2,'2021-01-01 04:00:00',0,47450,0,0),
	(2,'2021-01-01 05:00:00',0,43570,0,0),
	(2,'2021-01-01 06:00:00',0,48650,0,0),
	(2,'2021-01-01 07:00:00',0,55960,0,0),
	(2,'2021-01-01 08:00:00',5354.369629,62200,0,13386),
	(2,'2021-01-01 09:00:00',17879.66797,68700,0,44699),
	(2,'2021-01-01 10:00:00',28176.81445,59810,0,70442),
	(2,'2021-01-01 11:00:00',35330.07422,68010,0,88325),
	(2,'2021-01-01 12:00:00',35980.16797,62270,0,89950),
	(2,'2021-01-01 13:00:00',36851.76563,55050,0,92129),
	(2,'2021-01-01 14:00:00',31401.20313,61810,0,78503),
	(2,'2021-01-01 15:00:00',22229.86328,64860,0,55575),
	(2,'2021-01-01 16:00:00',10364.95508,59550,0,25912),
	(2,'2021-01-01 17:00:00',59.70545197,57350,0,149),
	(2,'2021-01-01 18:00:00',0,52640,0,0),
	(2,'2021-01-01 19:00:00',0,54250,0,0),
	(2,'2021-01-01 20:00:00',0,53160,0,0),
	(2,'2021-01-01 21:00:00',0,47760,0,0),
	(2,'2021-01-01 22:00:00',0,45490,0,0),
	(2,'2021-01-01 23:00:00',0,46310,0,0),
	(2,'2021-01-02 00:00:00',0,47860,0,0),
	(2,'2021-01-02 01:00:00',0,45440,0,0),
	(2,'2021-01-02 02:00:00',0,43320,0,0),
	(2,'2021-01-02 03:00:00',0,46350,0,0),
	(2,'2021-01-02 04:00:00',0,45180,0,0),
	(2,'2021-01-02 05:00:00',0,48270,0,0),
	(2,'2021-01-02 06:00:00',0,49940,0,0),
	(2,'2021-01-02 07:00:00',0,60040,0,0),
	(2,'2021-01-02 08:00:00',7425.114258,64490,0,18563),
	(2,'2021-01-02 09:00:00',24192.51172,66760,0,60481),
	(2,'2021-01-02 10:00:00',41123.36328,62320,0,102808),
	(2,'2021-01-02 11:00:00',52262.60547,60660,0,130657),
	(2,'2021-01-02 12:00:00',57615.32422,63740,0,144038),
	(2,'2021-01-02 13:00:00',54522.20703,55660,0,136306),
	(2,'2021-01-02 14:00:00',46940.14063,34090,12850.14063,117350),
	(2,'2021-01-02 15:00:00',33678.16016,58610,0,84195),
	(2,'2021-01-02 16:00:00',16861.0625,58530,0,42153),
	(2,'2021-01-02 17:00:00',550.9089355,59810,0,1377),
	(2,'2021-01-02 18:00:00',0,55270,0,0),
	(2,'2021-01-02 19:00:00',0,55630,0,0),
	(2,'2021-01-02 20:00:00',0,52950,0,0),
	(2,'2021-01-02 21:00:00',0,47400,0,0),
	(2,'2021-01-02 22:00:00',0,46190,0,0),
	(2,'2021-01-02 23:00:00',0,45730,0,0),
	(2,'2021-01-03 00:00:00',0,46140,0,0),
	(2,'2021-01-03 01:00:00',0,44430,0,0),
	(2,'2021-01-03 02:00:00',0,46000,0,0),
	(2,'2021-01-03 03:00:00',0,44530,0,0),
	(2,'2021-01-03 04:00:00',0,42760,0,0),
	(2,'2021-01-03 05:00:00',0,44340,0,0),
	(2,'2021-01-03 06:00:00',0,46270,0,0),
	(2,'2021-01-03 07:00:00',0,48170,0,0),
	(2,'2021-01-03 08:00:00',7291.509277,48440,0,18229),
	(2,'2021-01-03 09:00:00',24131.35352,48600,0,60328),
	(2,'2021-01-03 10:00:00',41121.76953,49570,0,102804),
	(2,'2021-01-03 11:00:00',51809.625,52180,0,129524),
	(2,'2021-01-03 12:00:00',58511.74219,48930,9581.742188,146279),
	(2,'2021-01-03 13:00:00',55301.38672,44700,10601.38672,138253),
	(2,'2021-01-03 14:00:00',48114.62891,43450,4664.628906,120287),
	(2,'2021-01-03 15:00:00',34622.69531,42800,0,86557),
	(2,'2021-01-03 16:00:00',16760.32813,47580,0,41901),
	(2,'2021-01-03 17:00:00',408.8525085,47080,0,1022),
	(2,'2021-01-03 18:00:00',0,37780,0,0),
	(2,'2021-01-03 19:00:00',0,35770,0,0),
	(2,'2021-01-03 20:00:00',0,34480,0,0),
	(2,'2021-01-03 21:00:00',0,33950,0,0),
	(2,'2021-01-03 22:00:00',0,32230,0,0),
	(2,'2021-01-03 23:00:00',0,35700,0,0),
	(2,'2021-01-04 00:00:00',0,35290,0,0),
	(2,'2021-01-04 01:00:00',0,31680,0,0),
	(2,'2021-01-04 02:00:00',0,31470,0,0),
	(2,'2021-01-04 03:00:00',0,31890,0,0),
	(2,'2021-01-04 04:00:00',0,31440,0,0),
	(2,'2021-01-04 05:00:00',0,30570,0,0),
	(2,'2021-01-04 06:00:00',0,31340,0,0),
	(2,'2021-01-04 07:00:00',0,32730,0,0),
	(2,'2021-01-04 08:00:00',8087.644043,31320,0,20219),
	(2,'2021-01-04 09:00:00',25529.82422,31800,0,63825),
	(2,'2021-01-04 10:00:00',42313.55859,31120,11193.55859,105784),
	(2,'2021-01-04 11:00:00',52974.20703,30090,22884.20703,132436),
	(2,'2021-01-04 12:00:00',56859.42969,26530,30329.42969,142149),
	(2,'2021-01-04 13:00:00',56038.01953,25360,30678.01953,140095),
	(2,'2021-01-04 14:00:00',47854.64453,28970,18884.64453,119637),
	(2,'2021-01-04 15:00:00',34165.39453,27550,6615.394531,85413),
	(2,'2021-01-04 16:00:00',17344.66797,33170,0,43362),
	(2,'2021-01-04 17:00:00',575.0339355,33030,0,1438),
	(2,'2021-01-04 18:00:00',0,35770,0,0),
	(2,'2021-01-04 19:00:00',0,34420,0,0),
	(2,'2021-01-04 20:00:00',0,29740,0,0),
	(2,'2021-01-04 21:00:00',0,28820,0,0),
	(2,'2021-01-04 22:00:00',0,27410,0,0),
	(2,'2021-01-04 23:00:00',0,26860,0,0),
