    INSERT INTO hourly__summary VALUES 
    (4,'2021-01-02 00:00:00',0,30610,0,0),
	(4,'2021-01-02 01:00:00',0,29260,0,0),
	(4,'2021-01-02 02:00:00',0,29150,0,0),
	(4,'2021-01-02 03:00:00',0,31010,0,0),
	(4,'2021-01-02 04:00:00',0,28610,0,0),
	(4,'2021-01-02 05:00:00',0,27560,0,0),
	(4,'2021-01-02 06:00:00',0,34430,0,0),
	(4,'2021-01-02 07:00:00',5.9057827,41880,0,15),
	(4,'2021-01-02 08:00:00',7473.879395,44780,0,18685),
	(4,'2021-01-02 09:00:00',23573.33984,37960,0,58933),
	(4,'2021-01-02 10:00:00',28577.70313,35290,0,71444),
	(4,'2021-01-02 11:00:00',38760.82813,27520,11240.82813,96902),
	(4,'2021-01-02 12:00:00',45551.25391,32480,13071.25391,113878),
	(4,'2021-01-02 13:00:00',58423.79688,28780,29643.79688,146059),
	(4,'2021-01-02 14:00:00',47718.31641,23580,24138.31641,119296),
	(4,'2021-01-02 15:00:00',37685.60938,32660,5025.609375,94214),
	(4,'2021-01-02 16:00:00',23425.0625,34850,0,58563),
	(4,'2021-01-02 17:00:00',2193.619385,36330,0,5484),
	(4,'2021-01-02 18:00:00',0,36320,0,0),
	(4,'2021-01-02 19:00:00',0,40450,0,0),
	(4,'2021-01-02 20:00:00',0,40160,0,0),
	(4,'2021-01-02 21:00:00',0,32060,0,0),
	(4,'2021-01-02 22:00:00',0,30910,0,0),
	(4,'2021-01-02 23:00:00',0,28870,0,0),
	(4,'2021-01-03 00:00:00',0,29230,0,0),
	(4,'2021-01-03 01:00:00',0,25900,0,0),
	(4,'2021-01-03 02:00:00',0,28120,0,0),
	(4,'2021-01-03 03:00:00',0,29030,0,0),
	(4,'2021-01-03 04:00:00',0,27050,0,0),
	(4,'2021-01-03 05:00:00',0,30510,0,0),
	(4,'2021-01-03 06:00:00',0,35780,0,0),
	(4,'2021-01-03 07:00:00',0,43860,0,0),
	(4,'2021-01-03 08:00:00',9536.857422,44590,0,23842),
	(4,'2021-01-03 09:00:00',28495.05664,40330,0,71238),
	(4,'2021-01-03 10:00:00',46782.58203,37350,9432.582031,116956),
	(4,'2021-01-03 11:00:00',59664.96875,31090,28574.96875,149162),
	(4,'2021-01-03 12:00:00',65360.74219,33610,31750.74219,163402),
	(4,'2021-01-03 13:00:00',63495.45313,30260,33235.45313,158739),
	(4,'2021-01-03 14:00:00',55956.50391,25040,30916.50391,139891),
	(4,'2021-01-03 15:00:00',41590.98438,26600,14990.98438,103977),
	(4,'2021-01-03 16:00:00',22802.49023,29950,0,57006),
	(4,'2021-01-03 17:00:00',1948.481445,36020,0,4871),
	(4,'2021-01-03 18:00:00',0,38080,0,0),
	(4,'2021-01-03 19:00:00',0,41840,0,0),
	(4,'2021-01-03 20:00:00',0,40440,0,0),
	(4,'2021-01-03 21:00:00',0,35280,0,0),
	(4,'2021-01-03 22:00:00',0,32290,0,0),
	(4,'2021-01-03 23:00:00',0,29810,0,0),
	(4,'2021-01-04 00:00:00',0,27130,0,0),
	(4,'2021-01-04 01:00:00',0,26200,0,0),
	(4,'2021-01-04 02:00:00',0,26360,0,0),
	(4,'2021-01-04 03:00:00',0,27940,0,0),
	(4,'2021-01-04 04:00:00',0,28890,0,0),
	(4,'2021-01-04 05:00:00',0,26340,0,0),
	(4,'2021-01-04 06:00:00',0,30510,0,0),
	(4,'2021-01-04 07:00:00',0,31870,0,0),
	(4,'2021-01-04 08:00:00',3560.129395,26250,0,8900),
	(4,'2021-01-04 09:00:00',6625.353516,20830,0,16563),
	(4,'2021-01-04 10:00:00',18592.0957,15490,3102.095703,46480),
	(4,'2021-01-04 11:00:00',13841.37207,13230,611.3720703,34603),
	(4,'2021-01-04 12:00:00',33652.10938,10180,23472.10938,84130),
	(4,'2021-01-04 13:00:00',36277.65625,8210,28067.65625,90694),
	(4,'2021-01-04 14:00:00',42029.35547,10540,31489.35547,105073),
	(4,'2021-01-04 15:00:00',47658.87891,15740,31918.87891,119147),
	(4,'2021-01-04 16:00:00',22756.71875,21910,846.71875,56892),
	(4,'2021-01-04 17:00:00',4173.060059,25860,0,10433),
	(4,'2021-01-04 18:00:00',0,30930,0,0),
	(4,'2021-01-04 19:00:00',0,38670,0,0),
	(4,'2021-01-04 20:00:00',0,35790,0,0),
	(4,'2021-01-04 21:00:00',0,34070,0,0),
	(4,'2021-01-04 22:00:00',0,36010,0,0),
	(4,'2021-01-04 23:00:00',0,31380,0,0),
	(4,'2021-01-05 00:00:00',0,28040,0,0),
	(4,'2021-01-05 01:00:00',0,28040,0,0),
	(4,'2021-01-05 02:00:00',0,27850,0,0),
	(4,'2021-01-05 03:00:00',0,30570,0,0),
	(4,'2021-01-05 04:00:00',0,26720,0,0),
	(4,'2021-01-05 05:00:00',0,30570,0,0),
	(4,'2021-01-05 06:00:00',0,33790,0,0),
	(4,'2021-01-05 07:00:00',0,34440,0,0),
	(4,'2021-01-05 08:00:00',8635.618164,29120,0,21589),
	(4,'2021-01-05 09:00:00',24582.3418,22810,1772.341797,61456),
	(4,'2021-01-05 10:00:00',40758.51563,20700,20058.51563,101896),
	(4,'2021-01-05 11:00:00',43813.51172,14880,28933.51172,109534),
	(4,'2021-01-05 12:00:00',53276.22266,15350,37926.22266,133191),
	(4,'2021-01-05 13:00:00',50094.75781,14850,35244.75781,125237),
	(4,'2021-01-05 14:00:00',34068.82813,13890,20178.82813,85172),
	(4,'2021-01-05 15:00:00',31430.63672,19740,11690.63672,78577),
	(4,'2021-01-05 16:00:00',12246.86133,26600,0,30617),
	(4,'2021-01-05 17:00:00',191.2564697,27890,0,478),
	(4,'2021-01-05 18:00:00',0,32230,0,0),
	(4,'2021-01-05 19:00:00',0,32110,0,0),
	(4,'2021-01-05 20:00:00',0,31080,0,0),
	(4,'2021-01-05 21:00:00',0,28540,0,0),
	(4,'2021-01-05 22:00:00',0,29770,0,0),
	(4,'2021-01-05 23:00:00',0,31240,0,0),
	(4,'2021-01-06 00:00:00',0,28340,0,0),
	(4,'2021-01-06 01:00:00',0,29560,0,0),
	(4,'2021-01-06 02:00:00',0,28950,0,0),
	(4,'2021-01-06 03:00:00',0,30840,0,0),
	(4,'2021-01-06 04:00:00',0,31320,0,0),
	(4,'2021-01-06 05:00:00',0,31200,0,0),
	(4,'2021-01-06 06:00:00',0,34700,0,0),
	(4,'2021-01-06 07:00:00',0,41120,0,0),
	(4,'2021-01-06 08:00:00',7786.402832,46320,0,19466),
	(4,'2021-01-06 09:00:00',23339.91602,41020,0,58350),
	(4,'2021-01-06 10:00:00',35139.38672,29240,5899.386719,87848),
	(4,'2021-01-06 11:00:00',48739.92188,27540,21199.92188,121850),
	(4,'2021-01-06 12:00:00',53267.25391,29510,23757.25391,133168),
	(4,'2021-01-06 13:00:00',54395.54688,24040,30355.54688,135989),
	(4,'2021-01-06 14:00:00',44964.49219,24600,20364.49219,112411),
	(4,'2021-01-06 15:00:00',29530.54102,30980,0,73826),
	(4,'2021-01-06 16:00:00',14756.28516,38460,0,36891),
	(4,'2021-01-06 17:00:00',172.1221313,37720,0,430),
	(4,'2021-01-06 18:00:00',0,33710,0,0),
	(4,'2021-01-06 19:00:00',0,37360,0,0),
	(4,'2021-01-06 20:00:00',0,34840,0,0),
	(4,'2021-01-06 21:00:00',0,35010,0,0),
	(4,'2021-01-06 22:00:00',0,29630,0,0),
	(4,'2021-01-06 23:00:00',0,27510,0,0),
	(4,'2021-01-07 00:00:00',0,25730,0,0),
	(4,'2021-01-07 01:00:00',0,24150,0,0),
	(4,'2021-01-07 02:00:00',0,25640,0,0),
	(4,'2021-01-07 03:00:00',0,27090,0,0),
	(4,'2021-01-07 04:00:00',0,27580,0,0),
	(4,'2021-01-07 05:00:00',0,26070,0,0),
	(4,'2021-01-07 06:00:00',0,30230,0,0),
	(4,'2021-01-07 07:00:00',0,38210,0,0),
	(4,'2021-01-07 08:00:00',9313.536133,40880,0,23284),
	(4,'2021-01-07 09:00:00',27044.06445,40470,0,67610),
	(4,'2021-01-07 10:00:00',45021.31641,38630,6391.316406,112553),
	(4,'2021-01-07 11:00:00',55482.80859,35970,19512.80859,138707),
	(4,'2021-01-07 12:00:00',59463.17188,39410,20053.17188,148658),
	(4,'2021-01-07 13:00:00',58534.94141,33790,24744.94141,146337),
	(4,'2021-01-07 14:00:00',52046.54297,39560,12486.54297,130116),
	(4,'2021-01-07 15:00:00',39118.39844,40530,0,97796),
	(4,'2021-01-07 16:00:00',21428.08789,39080,0,53570),
	(4,'2021-01-07 17:00:00',2160.654541,37000,0,5402),
	(4,'2021-01-07 18:00:00',0,33220,0,0),
	(4,'2021-01-07 19:00:00',0,35440,0,0),
	(4,'2021-01-07 20:00:00',0,33590,0,0),
	(4,'2021-01-07 21:00:00',0,30950,0,0),
	(4,'2021-01-07 22:00:00',0,29530,0,0),
	(4,'2021-01-07 23:00:00',0,29060,0,0),
	(4,'2021-01-08 00:00:00',0,26690,0,0),
	(4,'2021-01-08 01:00:00',0,25380,0,0),
	(4,'2021-01-08 02:00:00',0,25130,0,0),
	(4,'2021-01-08 03:00:00',0,25850,0,0),
	(4,'2021-01-08 04:00:00',0,25630,0,0),
	(4,'2021-01-08 05:00:00',0,27680,0,0),
	(4,'2021-01-08 06:00:00',0,31940,0,0),
	(4,'2021-01-08 07:00:00',8.488672256,36930,0,21),
	(4,'2021-01-08 08:00:00',8695.052734,46800,0,21738),
	(4,'2021-01-08 09:00:00',30517.60742,42880,0,76294),
	(4,'2021-01-08 10:00:00',46353.82813,37720,8633.828125,115885),
	(4,'2021-01-08 11:00:00',52095.39844,40010,12085.39844,130238),
	(4,'2021-01-08 12:00:00',62276.46094,40970,21306.46094,155691),
	(4,'2021-01-08 13:00:00',29355.11523,34850,0,73388),
	(4,'2021-01-08 14:00:00',29260.16992,38440,0,73150),
	(4,'2021-01-08 15:00:00',24937.28906,33990,0,62343),
	(4,'2021-01-08 16:00:00',9754.181641,39030,0,24385),
	(4,'2021-01-08 17:00:00',214.5724335,38230,0,536),
	(4,'2021-01-08 18:00:00',0,41030,0,0),
	(4,'2021-01-08 19:00:00',0,43200,0,0),
	(4,'2021-01-08 20:00:00',0,36730,0,0),
	(4,'2021-01-08 21:00:00',0,33070,0,0),
	(4,'2021-01-08 22:00:00',0,32570,0,0),
	(4,'2021-01-08 23:00:00',0,31450,0,0),
	(4,'2021-01-09 00:00:00',0,27200,0,0),
	(4,'2021-01-09 01:00:00',0,25790,0,0),
	(4,'2021-01-09 02:00:00',0,25630,0,0),
	(4,'2021-01-09 03:00:00',0,26800,0,0),
	(4,'2021-01-09 04:00:00',0,26690,0,0),
	(4,'2021-01-09 05:00:00',0,26730,0,0),
	(4,'2021-01-09 06:00:00',0,32260,0,0),
	(4,'2021-01-09 07:00:00',0,41730,0,0),
	(4,'2021-01-09 08:00:00',8271.557617,47780,0,20679),
	(4,'2021-01-09 09:00:00',22472.50586,53040,0,56181);

